seq = 0.106632+0.76923+0.79384+0.73907+0.78810+0.78364+1.+0.96168+0.120262+1.+0.87155+0.148403+0.105382+0.104481+0.114808+0.104442+0.115574+0.89754+0.83704+0.91201+0.96698+0.117099+0.109028+0.111677+0.92017+0.125635+0.88082+0.111581+0.110459+0.87489

t2 = 0.57029+0.68486+0.78725+0.60128+0.65474+0.64788+0.62430+0.53787+0.60791+1.0+0.72494+0.51847+0.60800+0.82241+0.52248+0.54533+0.54632+0.56688+0.53757+0.58760+0.54641+0.52392+0.51420+0.68132+0.60862+1.0+0.55573+0.61873+0.84210+0.53908

t4 = 0.52693+1.0+0.43689+0.48585+0.46456+0.45158+0.41780+0.43011+0.49532+0.45331+0.44084+0.45771+0.47246+0.43821+0.47813+0.43543+1.0+0.79822+0.45598+0.59277+0.58353+0.46286+0.43900+0.43862+0.43674+0.51249+0.47618+0.66671+0.49060+0.47139

t8 = 0.58821+0.58146+0.55056+0.57930+0.61588+0.62196+0.53628+0.55113+0.72685+0.52789+0.64319+0.65065+0.79890+0.69654+0.70323+0.65476+1.0+0.52041+0.63400+0.52140+0.58136+0.50944+0.52275+0.54092+0.51857+0.55223+0.56407+0.67435+0.64994+0.58924

t16 = 0.96660+0.91068+0.97598+1.0+0.110718+0.114428+0.97040+0.95942+0.116486+0.93819+0.84738+0.92281+0.84981+0.102853+0.108091+0.109989+0.103825+0.89200+0.104538+0.103373+0.105745+0.94276+0.86108+1.0+0.95984+0.97380+0.106959+0.101205+0.132452+0.102127